-1.000 -1.000 -1.000 
 0.000  0.000  0.000 
-0.006  0.009  0.025 
-0.025  0.037  0.100 
-0.057  0.084  0.225 
-0.102  0.150  0.400 
-0.159  0.234  0.625 
-0.229  0.338  0.900 
-0.312  0.459  1.225 
-0.408  0.600  1.600 
-0.516  0.759  2.025 
-0.637  0.937  2.500 
-0.771  1.134  3.025 
-0.918  1.350  3.600 
-1.077  1.584  4.225 
-1.249  1.837  4.900 
-1.434  2.109  5.625 
-1.632  2.400  6.400 
-1.842  2.709  7.225 
-2.065  3.038  8.100 
-2.301  3.384  9.025 
-2.550  3.750 10.000 
-2.811  4.134 11.025 
-3.085  4.538 12.100 
-3.360  4.941 13.175 
-3.621  5.325 14.200 
-3.870  5.691 15.175 
-4.105  6.037 16.100 
-4.329  6.366 16.975 
-4.539  6.675 17.800 
-4.737  6.966 18.575 
-4.921  7.237 19.300 
-5.094  7.491 19.975 
-5.259  7.734 20.625 
-5.419  7.969 21.250 
-5.565  8.184 21.825 
-5.699  8.381 22.350 
-5.820  8.559 22.825 
-5.935  8.728 23.275 
-6.043  8.887 23.700 
-6.139  9.028 24.075 
-6.222  9.150 24.400 
-6.292  9.253 24.675 
-6.349  9.337 24.900 
-6.400  9.412 25.100 
-6.445  9.478 25.275 
-6.477  9.525 25.400 
-6.490  9.544 25.450 
-6.490  9.544 25.425 
-6.490  9.544 25.350 
-6.490  9.544 25.225 
-6.490  9.543 25.050 
-6.489  9.543 24.825 
-6.489  9.543 24.550 
-6.489  9.543 24.225 
-6.489  9.543 23.850 
-6.489  9.542 23.425 
-6.489  9.542 22.950 
-6.488  9.542 22.425 
-6.488  9.541 21.850 
-6.488  9.541 21.225 
-6.488  9.540 20.550 
-6.487  9.540 19.825 
-6.487  9.539 19.050 
-6.486  9.539 18.225 
-6.486  9.538 17.350 
-6.486  9.538 16.425 
-6.485  9.537 15.450 
-6.485  9.536 14.425 
-6.484  9.536 13.350 
-6.484  9.535 12.225 
-6.483  9.534 11.100 
-6.483  9.533 10.025 
-6.482  9.533  9.000 
-6.482  9.532  8.025 
-6.481  9.531  7.100 
-6.481  9.531  6.225 
-6.481  9.530  5.400 
-6.480  9.530  4.625 
-6.480  9.529  3.875 
-6.480  9.529  3.150 
-6.479  9.528  2.475 
-6.479  9.528  1.850 
-6.479  9.528  1.275 
-6.478  9.527  0.725 
-6.478  9.527  0.200 
-6.478  9.527 -0.275 
-6.478  9.526 -0.700 
-6.478  9.526 -1.075 
-6.478  9.526 -1.400 
-6.477  9.526 -1.700 
-6.477  9.525 -1.975 
-6.477  9.525 -2.200 
-6.477  9.525 -2.375 
-6.477  9.525 -2.500 
-6.477  9.525 -2.550 
-6.452  9.525 -2.550 
-6.377  9.525 -2.550 
-6.252  9.525 -2.550 
-6.077  9.525 -2.550 
-5.852  9.525 -2.550 
-5.577  9.525 -2.550 
-5.252  9.525 -2.549 
-4.877  9.525 -2.549 
-4.452  9.525 -2.549 
-3.977  9.525 -2.549 
-3.452  9.525 -2.548 
-2.877  9.525 -2.548 
-2.252  9.525 -2.548 
-1.577  9.525 -2.547 
-0.852  9.525 -2.547 
-0.077  9.525 -2.547 
 0.748  9.525 -2.546 
 1.623  9.525 -2.546 
 2.548  9.525 -2.545 
 3.473  9.525 -2.545 
 4.348  9.525 -2.544 
 5.173  9.525 -2.544 
 5.948  9.525 -2.544 
 6.673  9.525 -2.543 
 7.348  9.525 -2.543 
 7.998  9.525 -2.542 
 8.623  9.525 -2.542 
 9.198  9.525 -2.542 
 9.723  9.525 -2.542 
10.198  9.525 -2.541 
10.623  9.525 -2.541 
11.023  9.525 -2.541 
11.398  9.525 -2.541 
11.723  9.525 -2.541 
11.998  9.525 -2.540 
12.223  9.525 -2.540 
12.398  9.525 -2.540 
12.548  9.525 -2.540 
12.673  9.525 -2.540 
12.723  9.525 -2.540 
12.748  9.525 -2.540 
12.823  9.525 -2.540 
12.948  9.525 -2.540 
13.123  9.525 -2.540 
13.348  9.525 -2.540 
13.623  9.525 -2.540 
13.948  9.525 -2.540 
14.323  9.525 -2.540 
14.748  9.525 -2.540 
15.223  9.525 -2.540 
15.748  9.525 -2.540 
16.273  9.525 -2.540 
16.748  9.525 -2.540 
17.173  9.525 -2.540 
17.548  9.525 -2.540 
17.873  9.525 -2.540 
18.173  9.525 -2.540 
18.448  9.525 -2.540 
18.673  9.525 -2.540 
18.848  9.525 -2.540 
18.973  9.525 -2.540 
19.048  9.525 -2.540 
19.073  9.525 -2.540 
19.098  9.525 -2.540 
19.173  9.525 -2.540 
19.298  9.525 -2.540 
19.473  9.525 -2.540 
19.698  9.525 -2.540 
19.973  9.525 -2.540 
20.298  9.525 -2.540 
20.673  9.525 -2.540 
21.098  9.525 -2.540 
21.573  9.525 -2.540 
22.098  9.525 -2.540 
22.623  9.525 -2.540 
23.098  9.525 -2.540 
23.523  9.525 -2.540 
23.898  9.525 -2.540 
24.223  9.525 -2.540 
24.523  9.525 -2.540 
24.798  9.525 -2.540 
25.023  9.525 -2.540 
25.198  9.525 -2.540 
25.323  9.525 -2.540 
25.398  9.525 -2.540 
25.423  9.525 -2.540 
25.448  9.525 -2.540 
25.523  9.525 -2.540 
25.648  9.525 -2.540 
25.823  9.525 -2.540 
26.048  9.525 -2.540 
26.323  9.525 -2.540 
26.648  9.525 -2.540 
27.023  9.525 -2.540 
27.448  9.525 -2.540 
27.923  9.525 -2.540 
28.448  9.525 -2.540 
28.973  9.525 -2.540 
29.448  9.525 -2.540 
29.873  9.525 -2.540 
30.248  9.525 -2.540 
30.573  9.525 -2.540 
30.873  9.525 -2.540 
31.148  9.525 -2.540 
31.373  9.525 -2.540 
31.548  9.525 -2.540 
31.673  9.525 -2.540 
31.748  9.525 -2.540 
31.773  9.525 -2.540 
31.773  9.525 -2.515 
31.773  9.525 -2.440 
31.773  9.525 -2.315 
31.773  9.525 -2.140 
31.772  9.525 -1.915 
31.772  9.525 -1.640 
31.772  9.525 -1.315 
31.772  9.525 -0.940 
31.771  9.525 -0.515 
31.771  9.525 -0.040 
31.771  9.525  0.485 
31.770  9.525  1.060 
31.770  9.525  1.685 
31.769  9.525  2.360 
31.768  9.525  3.085 
31.768  9.525  3.860 
31.767  9.525  4.685 
31.766  9.525  5.560 
31.766  9.525  6.485 
31.765  9.525  7.460 
31.764  9.525  8.485 
31.763  9.525  9.560 
31.762  9.525 10.685 
31.761  9.525 11.810 
31.760  9.525 12.885 
31.759  9.525 13.910 
31.759  9.525 14.885 
31.758  9.525 15.810 
31.757  9.525 16.685 
31.756  9.525 17.510 
31.756  9.525 18.285 
31.755  9.525 19.035 
31.755  9.525 19.760 
31.754  9.525 20.435 
31.754  9.525 21.060 
31.753  9.525 21.635 
31.753  9.525 22.160 
31.752  9.525 22.660 
31.752  9.525 23.135 
31.752  9.525 23.560 
31.751  9.525 23.935 
31.751  9.525 24.260 
31.751  9.525 24.560 
31.750  9.525 24.835 
31.750  9.525 25.060 
31.750  9.525 25.235 
31.750  9.525 25.360 
31.750  9.525 25.410 
31.750  9.525 25.400 
31.725  9.520 25.400 
31.650  9.504 25.400 
31.525  9.478 25.400 
31.350  9.442 25.400 
31.125  9.395 25.400 
30.850  9.338 25.400 
30.525  9.271 25.400 
30.150  9.193 25.400 
29.725  9.105 25.400 
29.250  9.006 25.400 
28.725  8.897 25.400 
28.150  8.777 25.400 
27.525  8.648 25.400 
26.850  8.508 25.400 
26.125  8.357 25.400 
25.350  8.196 25.400 
24.525  8.025 25.400 
23.650  7.843 25.400 
22.725  7.651 25.400 
21.750  7.449 25.400 
20.725  7.236 25.400 
19.650  7.013 25.400 
18.525  6.779 25.400 
17.350  6.535 25.400 
16.125  6.281 25.400 
14.850  6.016 25.400 
13.525  5.741 25.400 
12.200  5.466 25.400 
10.925  5.201 25.400 
 9.700  4.947 25.400 
 8.525  4.703 25.400 
 7.400  4.469 25.400 
 6.325  4.246 25.400 
 5.300  4.033 25.400 
 4.325  3.830 25.400 
 3.400  3.638 25.400 
 2.525  3.457 25.400 
 1.700  3.285 25.400 
 0.900  3.119 25.400 
 0.125  2.958 25.400 
-0.600  2.808 25.400 
-1.275  2.668 25.400 
-1.900  2.538 25.400 
-2.500  2.413 25.400 
-3.075  2.294 25.400 
-3.600  2.185 25.400 
-4.075  2.086 25.400 
-4.500  1.998 25.400 
-4.875  1.920 25.400 
-5.225  1.847 25.400 
-5.550  1.780 25.400 
-5.825  1.723 25.400 
-6.050  1.676 25.400 
-6.225  1.640 25.400 
-6.350  1.614 25.400 
-6.450  1.593 25.400 
-6.500  1.583 25.400 
-6.500  1.583 25.375 
-6.500  1.583 25.300 
-6.500  1.583 25.175 
-6.500  1.583 25.000 
-6.499  1.583 24.775 
-6.499  1.583 24.500 
-6.499  1.583 24.175 
-6.499  1.583 23.800 
-6.498  1.583 23.375 
-6.498  1.583 22.900 
-6.498  1.583 22.375 
-6.497  1.583 21.800 
-6.497  1.583 21.175 
-6.496  1.584 20.500 
-6.495  1.584 19.775 
-6.495  1.584 19.000 
-6.494  1.584 18.175 
-6.493  1.584 17.300 
-6.493  1.584 16.375 
-6.492  1.584 15.400 
-6.491  1.585 14.375 
-6.490  1.585 13.300 
-6.489  1.585 12.175 
-6.488  1.585 11.050 
-6.487  1.585  9.975 
-6.486  1.586  8.950 
-6.486  1.586  7.975 
-6.485  1.586  7.050 
-6.484  1.586  6.175 
-6.483  1.586  5.350 
-6.483  1.586  4.575 
-6.482  1.586  3.825 
-6.482  1.587  3.100 
-6.481  1.587  2.425 
-6.481  1.587  1.800 
-6.480  1.587  1.225 
-6.480  1.587  0.700 
-6.479  1.587  0.200 
-6.479  1.587 -0.275 
-6.479  1.587 -0.700 
-6.478  1.587 -1.075 
-6.478  1.587 -1.400 
-6.478  1.587 -1.700 
-6.477  1.587 -1.975 
-6.477  1.587 -2.200 
-6.477  1.587 -2.375 
-6.477  1.587 -2.500 
-6.477  1.588 -2.550 
-6.452  1.588 -2.550 
-6.377  1.588 -2.550 
-6.252  1.588 -2.550 
-6.077  1.588 -2.550 
-5.852  1.588 -2.550 
-5.577  1.588 -2.550 
-5.252  1.588 -2.549 
-4.877  1.588 -2.549 
-4.452  1.588 -2.549 
-3.977  1.588 -2.549 
-3.452  1.588 -2.548 
-2.877  1.588 -2.548 
-2.252  1.588 -2.548 
-1.577  1.588 -2.547 
-0.852  1.588 -2.547 
-0.077  1.588 -2.547 
 0.748  1.588 -2.546 
 1.623  1.588 -2.546 
 2.548  1.588 -2.545 
 3.473  1.588 -2.545 
 4.348  1.588 -2.544 
 5.173  1.588 -2.544 
 5.948  1.588 -2.544 
 6.673  1.588 -2.543 
 7.348  1.588 -2.543 
 7.998  1.588 -2.542 
 8.623  1.588 -2.542 
 9.198  1.588 -2.542 
 9.723  1.588 -2.542 
10.198  1.588 -2.541 
10.623  1.588 -2.541 
11.023  1.588 -2.541 
11.398  1.588 -2.541 
11.723  1.588 -2.541 
11.998  1.588 -2.540 
12.223  1.588 -2.540 
12.398  1.588 -2.540 
12.548  1.588 -2.540 
12.673  1.588 -2.540 
12.723  1.587 -2.540 
12.748  1.587 -2.540 
12.823  1.587 -2.540 
12.948  1.587 -2.540 
13.123  1.587 -2.540 
13.348  1.587 -2.540 
13.623  1.587 -2.540 
13.948  1.587 -2.540 
14.323  1.587 -2.540 
14.748  1.587 -2.540 
15.223  1.587 -2.540 
15.748  1.587 -2.540 
16.273  1.587 -2.540 
16.748  1.587 -2.540 
17.173  1.587 -2.540 
17.548  1.587 -2.540 
17.873  1.587 -2.540 
18.173  1.587 -2.540 
18.448  1.587 -2.540 
18.673  1.587 -2.540 
18.848  1.587 -2.540 
18.973  1.587 -2.540 
19.048  1.587 -2.540 
19.073  1.588 -2.540 
19.098  1.588 -2.540 
19.173  1.588 -2.540 
19.298  1.588 -2.540 
19.473  1.588 -2.540 
19.698  1.588 -2.540 
19.973  1.588 -2.540 
20.298  1.588 -2.540 
20.673  1.588 -2.540 
21.098  1.588 -2.540 
21.573  1.588 -2.540 
22.098  1.588 -2.540 
22.623  1.588 -2.540 
23.098  1.588 -2.540 
23.523  1.588 -2.540 
23.898  1.588 -2.540 
24.223  1.588 -2.540 
24.523  1.588 -2.540 
24.798  1.588 -2.540 
25.023  1.588 -2.540 
25.198  1.588 -2.540 
25.323  1.588 -2.540 
25.398  1.588 -2.540 
25.423  1.587 -2.540 
25.448  1.587 -2.540 
25.523  1.587 -2.540 
25.648  1.587 -2.540 
25.823  1.587 -2.540 
26.048  1.587 -2.540 
26.323  1.587 -2.540 
26.648  1.587 -2.540 
27.023  1.587 -2.540 
27.448  1.587 -2.540 
27.923  1.587 -2.540 
28.448  1.587 -2.540 
28.973  1.587 -2.540 
29.448  1.587 -2.540 
29.873  1.587 -2.540 
30.248  1.587 -2.540 
30.573  1.587 -2.540 
30.873  1.587 -2.540 
31.148  1.587 -2.540 
31.373  1.587 -2.540 
31.548  1.587 -2.540 
31.673  1.587 -2.540 
31.748  1.587 -2.540 
31.773  1.587 -2.540 
31.773  1.587 -2.515 
31.773  1.587 -2.440 
31.773  1.587 -2.315 
31.773  1.587 -2.140 
31.772  1.587 -1.915 
31.772  1.587 -1.640 
31.772  1.587 -1.315 
31.772  1.587 -0.940 
31.771  1.587 -0.515 
31.771  1.587 -0.040 
31.771  1.587  0.485 
31.770  1.587  1.060 
31.770  1.587  1.685 
31.769  1.587  2.360 
31.768  1.587  3.085 
31.768  1.587  3.860 
31.767  1.587  4.685 
31.766  1.587  5.560 
31.766  1.587  6.485 
31.765  1.587  7.460 
31.764  1.587  8.485 
31.763  1.587  9.560 
31.762  1.587 10.685 
31.761  1.587 11.810 
31.760  1.587 12.885 
31.759  1.587 13.910 
31.759  1.587 14.885 
31.758  1.587 15.810 
31.757  1.587 16.685 
31.756  1.587 17.510 
31.756  1.587 18.285 
31.755  1.587 19.035 
31.755  1.587 19.760 
31.754  1.587 20.435 
31.754  1.587 21.060 
31.753  1.587 21.635 
31.753  1.587 22.160 
31.752  1.587 22.660 
31.752  1.587 23.135 
31.752  1.587 23.560 
31.751  1.587 23.935 
31.751  1.587 24.260 
31.751  1.587 24.560 
31.750  1.587 24.835 
31.750  1.587 25.060 
31.750  1.587 25.235 
31.750  1.587 25.360 
31.750  1.587 25.410 
31.750  1.587 25.400 
31.725  1.599 25.400 
31.650  1.633 25.400 
31.525  1.690 25.400 
31.350  1.770 25.400 
31.125  1.873 25.400 
30.850  1.999 25.400 
30.525  2.147 25.400 
30.150  2.318 25.400 
29.725  2.513 25.400 
29.250  2.730 25.400 
28.725  2.969 25.400 
28.150  3.232 25.400 
27.525  3.518 25.400 
26.850  3.826 25.400 
26.125  4.157 25.400 
25.350  4.511 25.400 
24.525  4.888 25.400 
23.650  5.288 25.400 
22.725  5.710 25.400 
21.750  6.156 25.400 
20.725  6.624 25.400 
19.650  7.115 25.400 
18.525  7.629 25.400 
17.350  8.166 25.400 
16.125  8.725 25.400 
14.850  9.308 25.400 
13.525  9.913 25.400 
12.200 10.518 25.400 
10.925 11.101 25.400 
 9.700 11.660 25.400 
 8.525 12.197 25.400 
 7.400 12.711 25.400 
 6.325 13.202 25.400 
 5.300 13.670 25.400 
 4.325 14.116 25.400 
 3.400 14.538 25.400 
 2.525 14.938 25.400 
 1.700 15.315 25.400 
 0.900 15.680 25.400 
 0.125 16.034 25.400 
-0.600 16.365 25.400 
-1.275 16.674 25.400 
-1.900 16.959 25.400 
-2.500 17.233 25.400 
-3.075 17.496 25.400 
-3.600 17.736 25.400 
-4.075 17.953 25.400 
-4.500 18.147 25.400 
-4.875 18.318 25.400 
-5.225 18.478 25.400 
-5.550 18.627 25.400 
-5.825 18.752 25.400 
-6.050 18.855 25.400 
-6.225 18.935 25.400 
-6.350 18.992 25.400 
-6.450 19.038 25.400 
-6.500 19.061 25.400 
-6.500 19.060 25.375 
-6.500 19.060 25.300 
-6.500 19.060 25.175 
-6.500 19.060 25.000 
-6.499 19.060 24.775 
-6.499 19.060 24.500 
-6.499 19.060 24.175 
-6.499 19.060 23.800 
-6.498 19.060 23.375 
-6.498 19.060 22.900 
-6.498 19.059 22.375 
-6.497 19.059 21.800 
-6.497 19.059 21.175 
-6.496 19.059 20.500 
-6.495 19.058 19.775 
-6.495 19.058 19.000 
-6.494 19.058 18.175 
-6.493 19.057 17.300 
-6.493 19.057 16.375 
-6.492 19.057 15.400 
-6.491 19.056 14.375 
-6.490 19.056 13.300 
-6.489 19.056 12.175 
-6.488 19.055 11.050 
-6.487 19.055  9.975 
-6.486 19.054  8.950 
-6.486 19.054  7.975 
-6.485 19.054  7.050 
-6.484 19.053  6.175 
-6.483 19.053  5.350 
-6.483 19.053  4.575 
-6.482 19.052  3.825 
-6.482 19.052  3.100 
-6.481 19.052  2.425 
-6.481 19.052  1.800 
-6.480 19.051  1.225 
-6.480 19.051  0.700 
-6.479 19.051  0.200 
-6.479 19.051 -0.275 
-6.479 19.051 -0.700 
-6.478 19.051 -1.075 
-6.478 19.050 -1.400 
-6.478 19.050 -1.700 
-6.477 19.050 -1.975 
-6.477 19.050 -2.200 
-6.477 19.050 -2.375 
-6.477 19.050 -2.500 
-6.477 19.050 -2.550 
-6.452 19.050 -2.550 
-6.377 19.050 -2.550 
-6.252 19.050 -2.550 
-6.077 19.050 -2.550 
-5.852 19.050 -2.550 
-5.577 19.050 -2.550 
-5.252 19.050 -2.549 
-4.877 19.050 -2.549 
-4.452 19.050 -2.549 
-3.977 19.050 -2.549 
-3.452 19.050 -2.548 
-2.877 19.050 -2.548 
-2.252 19.050 -2.548 
-1.577 19.050 -2.547 
-0.852 19.050 -2.547 
-0.077 19.050 -2.547 
 0.748 19.050 -2.546 
 1.623 19.050 -2.546 
 2.548 19.050 -2.545 
 3.473 19.050 -2.545 
 4.348 19.050 -2.544 
 5.173 19.050 -2.544 
 5.948 19.050 -2.544 
 6.673 19.050 -2.543 
 7.348 19.050 -2.543 
 7.998 19.050 -2.542 
 8.623 19.050 -2.542 
 9.198 19.050 -2.542 
 9.723 19.050 -2.542 
10.198 19.050 -2.541 
10.623 19.050 -2.541 
11.023 19.050 -2.541 
11.398 19.050 -2.541 
11.723 19.050 -2.541 
11.998 19.050 -2.540 
12.223 19.050 -2.540 
12.398 19.050 -2.540 
12.548 19.050 -2.540 
12.673 19.050 -2.540 
12.723 19.050 -2.540 
12.748 19.050 -2.540 
12.823 19.050 -2.540 
12.948 19.050 -2.540 
13.123 19.050 -2.540 
13.348 19.050 -2.540 
13.623 19.050 -2.540 
13.948 19.050 -2.540 
14.323 19.050 -2.540 
14.748 19.050 -2.540 
15.223 19.050 -2.540 
15.748 19.050 -2.540 
16.273 19.050 -2.540 
16.748 19.050 -2.540 
17.173 19.050 -2.540 
17.548 19.050 -2.540 
17.873 19.050 -2.540 
18.173 19.050 -2.540 
18.448 19.050 -2.540 
18.673 19.050 -2.540 
18.848 19.050 -2.540 
18.973 19.050 -2.540 
19.048 19.050 -2.540 
19.073 19.050 -2.540 
19.098 19.050 -2.540 
19.173 19.050 -2.540 
19.298 19.050 -2.540 
19.473 19.050 -2.540 
19.698 19.050 -2.540 
19.973 19.050 -2.540 
20.298 19.050 -2.540 
20.673 19.050 -2.540 
21.098 19.050 -2.540 
21.573 19.050 -2.540 
22.098 19.050 -2.540 
22.623 19.050 -2.540 
23.098 19.050 -2.540 
23.523 19.050 -2.540 
23.898 19.050 -2.540 
24.223 19.050 -2.540 
24.523 19.050 -2.540 
24.798 19.050 -2.540 
25.023 19.050 -2.540 
25.198 19.050 -2.540 
25.323 19.050 -2.540 
25.398 19.050 -2.540 
25.423 19.050 -2.540 
25.448 19.050 -2.540 
25.523 19.050 -2.540 
25.648 19.050 -2.540 
25.823 19.050 -2.540 
26.048 19.050 -2.540 
26.323 19.050 -2.540 
26.648 19.050 -2.540 
27.023 19.050 -2.540 
27.448 19.050 -2.540 
27.923 19.050 -2.540 
28.448 19.050 -2.540 
28.973 19.050 -2.540 
29.448 19.050 -2.540 
29.873 19.050 -2.540 
30.248 19.050 -2.540 
30.573 19.050 -2.540 
30.873 19.050 -2.540 
31.148 19.050 -2.540 
31.373 19.050 -2.540 
31.548 19.050 -2.540 
31.673 19.050 -2.540 
31.748 19.050 -2.540 
31.773 19.050 -2.540 
31.773 19.050 -2.515 
31.773 19.050 -2.440 
31.773 19.050 -2.315 
31.773 19.050 -2.140 
31.772 19.050 -1.915 
31.772 19.050 -1.640 
31.772 19.050 -1.315 
31.772 19.050 -0.940 
31.771 19.050 -0.515 
31.771 19.050 -0.040 
31.771 19.050  0.485 
31.770 19.050  1.060 
31.770 19.050  1.685 
31.769 19.050  2.360 
31.768 19.050  3.085 
31.768 19.050  3.860 
31.767 19.050  4.685 
31.766 19.050  5.560 
31.766 19.050  6.485 
31.765 19.050  7.460 
31.764 19.050  8.485 
31.763 19.050  9.560 
31.762 19.050 10.685 
31.761 19.050 11.810 
31.760 19.050 12.885 
31.759 19.050 13.910 
31.759 19.050 14.885 
31.758 19.050 15.810 
31.757 19.050 16.685 
31.756 19.050 17.510 
31.756 19.050 18.285 
31.755 19.050 19.035 
31.755 19.050 19.760 
31.754 19.050 20.435 
31.754 19.050 21.060 
31.753 19.050 21.635 
31.753 19.050 22.160 
31.752 19.050 22.660 
31.752 19.050 23.135 
31.752 19.050 23.560 
31.751 19.050 23.935 
31.751 19.050 24.260 
31.751 19.050 24.560 
31.750 19.050 24.835 
31.750 19.050 25.060 
31.750 19.050 25.235 
31.750 19.050 25.360 
31.750 19.050 25.410 
31.750 19.050 25.400 
31.750 19.050 25.375 
31.750 19.050 25.300 
31.750 19.050 25.175 
31.750 19.050 25.000 
31.750 19.050 24.775 
31.750 19.050 24.500 
31.750 19.050 24.175 
31.750 19.050 23.800 
31.750 19.050 23.375 
31.750 19.050 22.900 
31.750 19.050 22.375 
31.750 19.050 21.800 
31.750 19.050 21.175 
31.750 19.050 20.500 
31.750 19.050 19.775 
31.750 19.050 19.000 
31.750 19.050 18.175 
31.750 19.050 17.300 
31.750 19.050 16.375 
31.750 19.050 15.400 
31.750 19.050 14.375 
31.750 19.050 13.300 
31.750 19.050 12.225 
31.750 19.050 11.200 
31.750 19.050 10.225 
31.750 19.050  9.300 
31.750 19.050  8.425 
31.750 19.050  7.600 
31.750 19.050  6.825 
31.750 19.050  6.100 
31.750 19.050  5.425 
31.750 19.050  4.775 
31.750 19.050  4.150 
31.750 19.050  3.575 
31.750 19.050  3.050 
31.750 19.050  2.575 
31.750 19.050  2.125 
31.750 19.050  1.700 
31.750 19.050  1.325 
31.750 19.050  1.000 
31.750 19.050  0.725 
31.750 19.050  0.500 
31.750 19.050  0.300 
31.750 19.050  0.125 
31.750 19.050  0.000 
31.750 19.050 -0.050 
31.725 19.035 -0.050 
31.650 18.990 -0.050 
31.525 18.915 -0.050 
31.350 18.810 -0.049 
31.125 18.675 -0.049 
30.850 18.510 -0.049 
30.525 18.315 -0.048 
30.150 18.090 -0.047 
29.725 17.835 -0.047 
29.250 17.550 -0.046 
28.725 17.235 -0.045 
28.150 16.890 -0.044 
27.525 16.515 -0.043 
26.850 16.110 -0.042 
26.125 15.675 -0.041 
25.350 15.210 -0.040 
24.525 14.715 -0.039 
23.650 14.190 -0.037 
22.725 13.635 -0.036 
21.750 13.050 -0.034 
20.725 12.435 -0.033 
19.650 11.790 -0.031 
18.525 11.115 -0.029 
17.350 10.410 -0.027 
16.175  9.705 -0.025 
15.050  9.030 -0.024 
13.975  8.385 -0.022 
12.925  7.755 -0.020 
11.900  7.140 -0.019 
10.925  6.555 -0.017 
10.000  6.000 -0.016 
 9.125  5.475 -0.014 
 8.275  4.965 -0.013 
 7.450  4.470 -0.012 
 6.675  4.005 -0.011 
 5.950  3.570 -0.009 
 5.275  3.165 -0.008 
 4.650  2.790 -0.007 
 4.050  2.430 -0.006 
 3.475  2.085 -0.005 
 2.950  1.770 -0.005 
 2.475  1.485 -0.004 
 2.050  1.230 -0.003 
 1.650  0.990 -0.003 
 1.275  0.765 -0.002 
 0.950  0.570 -0.001 
 0.675  0.405 -0.001 
 0.450  0.270 -0.001 
 0.275  0.165 -0.000 
 0.150  0.090 -0.000 
 0.050  0.030 -0.000 
-0.000 -0.000  0.000 
