Pre A=2.000000 -2.000000 1.000000 0.000000 
5.000000 1.000000 4.000000 0.000000 
6.000000 2.000000 5.000000 0.000000 
0.000000 0.000000 0.000000 1.000000 

A=-0.172420 0.196116 0.965303 0.000000 
-0.618239 -0.784465 0.048948 0.000000 
-0.766845 0.588348 -0.256504 0.000000 
0.000000 0.000000 0.000000 -1.000000 

w=10.480741 0.000000 2.480741 1.000000
v=-0.766845 -0.588348 0.256504 -0.000000 
-0.172420 -0.196116 -0.965303 -0.000000 
-0.618239 0.784465 -0.048948 -0.000000 
0.000000 -0.000000 -0.000000 -1.000000 


